50.4545 48.6176 50.4545 50.4545 50.4545 46.8535 46.2667 35.4149 89.9811 52.819 
43.7737 50.4545 37.4079 50.4545 41.6 51.2538 50.4545 44.4 46.8535 36.2087 
50.4545 48.2783 35.7581 49.6761 44.9405 36.2087 50.4545 33.3 46.8535 35.7581 
50.4545 39.1947 34.65 36.9333 37.7909 48.9176 43.7737 40.5854 50.4545 50.4545
51.2538 50.4545 50.4545 46.2667 42.6615 50.4545 51.975 42.1747 33.603 43.261 
50.4545 43.261 26.4095 48.9176 50.4545 50.4545 50.4545 39.6143 50.4545 50.4545 
33.603 50.4545 42.1747 39.1941 52.819 51.975 38.6837 34.9789 27.9101 38.6837 
26.222 39.998 41.137 31.4019 38.2828 31.9462 31.1374 38.6837 50.4545 40.5854
50.4545 35.4149 50.4545 38.2828 24.9564 31.4019 35.4149 33.3 33.603 48.2783 
52.3049 43.7737 50.4545 39.1941 27.2902 35.4149 25.5769 50.4545 46.8535 26.6
35.65 31.6714 40.1446 37.7909 29.927 50.4545 40.1446 50.4545 33.6118 51.975 
32.3262 37.4079 50.4545 36.9333 34.9789 31.4019 29.927 38.2828 50.4545 50.4545 
35.7581 47.5571 50.4545 50.4545 51.975 33.3 39.6143 39.6143 29.4487 33.603
34.9789 51.2538 39.1941 50.4545 38.2828 44.4 43.261 46.2667 45.5959 33.9122 
50.4545 49.6761 41.6 42.6615 50.4545 55.5 44.4 35.4149 30.2727 41.6 