32.9404 44.2917 38.9273 21.6272 47.5545 29.2788 25.9023 23.1872 25.2682 28.1449
35.6778 32.9239 21.7912 47.4045 26.882 46.5595 47.7545 33.8438 23.6848 22.7915 
33.6857 27.377 25.2156 30.0862 24.9878 18.897 47.7545 22.3215 23.4193 22.5759 
47.8045 26.3129 33.4719 35.9267 36.5284 47.5574 42.2079 39.1671 47.6045 30.8555 
48.0545 36.5416 44.5219 35.166 41.4538 44.8458 29.1214 40.9835 32.5364 42.4468
34.2064 42.0468 25.5952 47.6515 43.3541 33.132 33.5364 37.9893 37.2849 33.8938
29.1412 33.103 34.6297 36.8494 47.4433 35.7435 37.5674 32.2531 26.9143 36.8744 
25.3614 39.998 31.9564 29.8396 36.9 30.8212 30.4776 37.1953 44.1635 39.1695 
40.1259 31.3281 37.3907 36.8241 24.1932 30.384 34.3128 30.7744 32.203 36.7129 
50.1095 33.3427 30.7991 37.76 26.4082 30.7488 24.7231 37.1127 39.5215 25.7362
33.725 28.9 38.841 36.6284 27.2367 39.8269 29.8 32.3337 28.1156 28.3495
31.4107 32.8804 44.2756 30.6939 30.2825 29.9472 29.4081 36.3687 33.232 30.5694
34.6118 46.3586 38.3824 38.8252 31.2584 31.1694 37.9036 38.2393 24.2595 32.1364
34.2674 35.8629 37.0486 29.0935 37.0621 43.348 41.9182 44.775 34.7826 32.849 
33.1361 48.1194 40.6125 41.7885 42.8947 26.5068 42.66 34.3309 28.9171 39.995 